oscillating=1
freq_hz=6834319405.511633
freq_fft_hz=6799432361.806259
amplitude_v=1.037361854501573
power_w=0.001569191698451968
startup_s=2.970825758661759e-10
i_supply_a=0.000871773165806649
